0 0.3340878546875 0.48289541406250003 0.5175708296875 0.479478678125 0.51598898125 0.40479980624999995 0.3357947125 0.41114377968750004 0.3340878546875 0.48289541406250003
0 0.46977993749999997 0.5426884953125 0.47106003125000007 0.6224125234375 0.5939509453125 0.6144401109375 0.5949564484375001 0.5413921796875 0.46977993749999997 0.5426884953125
0 0.2547208515625 0.6172873953125 0.399800390625 0.61330116875 0.40127273125 0.5442378546875 0.2534407265625 0.5495219453125 0.2547208515625 0.6172873953125
0 0.7932059984375 0.6776402046875 0.7996065640625 0.7755868968749999 0.9532201765625 0.7647672171875 0.9519400984375 0.6725150890625 0.7932059984375 0.6776402046875
0 0.72962705 0.7778647375000001 0.7313338421875 0.7619199296875 0.7304804453125 0.7032657906249999 0.567052634375 0.7055436312500001 0.5679060296875 0.782989840625 0.72962705 0.7778647375000001
0 0.7765645453125 0.9350349953125001 0.91310999375 0.93560444375 0.903889978125 0.8487250171875 0.7676037265625 0.8558804171875 0.7765645453125 0.9350349953125001
0 0.6751624656249999 0.6164469234375 0.8479777796875 0.6044883140625 0.8451979421875 0.5321437375 0.6734556421875 0.541847990625 0.6751624656249999 0.6164469234375
0 0.3320920265625 0.77133935625 0.5138680796874999 0.7815895859374999 0.5106533421874999 0.7021727859375 0.332945421875 0.7007266390625 0.3320920265625 0.77133935625
0 0.0845014859375 0.5808888859375 0.0849281515625 0.65548783125 0.2133662375 0.6475154171875 0.21452534843749999 0.5798087859375001 0.0845014859375 0.5808888859375
0 0.18776396875 0.68566911875 0.17496283125 0.7460315609375 0.2743849984375 0.7505872390625 0.2737509484375 0.686521575 0.18776396875 0.68566911875
0 -0.0015625 0.7199817187499999 -0.00036157812500000003 0.7575659265625 0.1135174078125 0.7534345234375001 0.12802533437500002 0.7602680203125 0.131289371875 0.68865583125 -0.0015625 0.6880920859375 -0.0015625 0.7199817187499999
0 0.0081725125 0.8122338390625 0.00646565625 0.882277084375 0.1536787484375 0.8862633140625 0.15325205 0.8145116765625 0.0081725125 0.8122338390625