0 0.6610802875 0.41114377968750004 0.48088601875 0.40479980624999995 0.47930417031249994 0.479478678125 0.6627871453124999 0.48289541406250003 0.6610802875 0.41114377968750004
0 0.4019185515625 0.5413921796875 0.40292405468750003 0.6144401109375 0.52581496875 0.6224125234375 0.5270950625 0.5426884953125 0.4019185515625 0.5413921796875
0 0.7434342734375 0.5495219453125 0.59560226875 0.5442378546875 0.597074609375 0.61330116875 0.7421541484375 0.6172873953125 0.7434342734375 0.5495219453125
0 0.044934901562500004 0.6725150890625 0.043654823437500004 0.7647672171875 0.19726843593750001 0.7755868968749999 0.2036690015625 0.6776402046875 0.044934901562500004 0.6725150890625
0 0.42896897031250003 0.782989840625 0.42982236562500004 0.7055436312500001 0.2663945546875 0.7032657906249999 0.2655411578125 0.7619199296875 0.26724795 0.7778647375000001 0.42896897031250003 0.782989840625
0 0.22927127343749998 0.8558804171875 0.09298502187499999 0.8487250171875 0.08376500625 0.93560444375 0.22031045468750002 0.9350349953125001 0.22927127343749998 0.8558804171875
0 0.32341935781250003 0.541847990625 0.15167705781250002 0.5321437375 0.1488972203125 0.6044883140625 0.32171253437499997 0.6164469234375 0.32341935781250003 0.541847990625
0 0.6639295781250001 0.7007266390625 0.48622165781250004 0.7021727859375 0.48300692031250003 0.7815895859374999 0.6647829734374999 0.77133935625 0.6639295781250001 0.7007266390625
0 0.7823496515625 0.5798087859375001 0.7835087625 0.6475154171875 0.9119468484375 0.65548783125 0.9123735140625 0.5808888859375 0.7823496515625 0.5798087859375001
0 0.7231240515625 0.686521575 0.7224900015625 0.7505872390625 0.82191216875 0.7460315609375 0.80911103125 0.68566911875 0.7231240515625 0.686521575
0 0.9984375 0.6880920859375 0.865585628125 0.68865583125 0.8688496656250001 0.7602680203125 0.8833575921874999 0.7534345234375001 0.997236578125 0.7575659265625 0.9984375 0.7199817187499999 0.9984375 0.6880920859375
0 0.84362295 0.8145116765625 0.8431962515625001 0.8862633140625 0.99040934375 0.882277084375 0.9887024875 0.8122338390625 0.84362295 0.8145116765625